models:MNL & CDM-d=1 & CDM-d=4 & CDM-d=8 & PCMC & 
losses:7.728 & 7.565 & 7.026 & 7.003 & 7.444 & 
se:0.0229501859258,0.0223643041105,0.0216703308047,0.0213085393104,0.0224158445028,