models:MNL,CDM-d=1,CDM-d=4,CDM-d=8,PCMC,
 losses:112.012406872,112.47467968,111.693105459,110.547025452,101.599578887,
 se:1.23478408619,1.48894128454,1.69556738252,1.89770825947,1.18333144252,